15.09
14.27
13.38
1.25
5.87
10.16
14.64
13.14
11.19
13.81
13.54
9.32
14.03
14.55
2.88
11.56
15.37
15.60
14.35
9.48
9.32
14.02
9.79
9.62
15.21
14.02
14.56
15.04
15.42
16.23
14.56
12.30
13.62
7.53
13.86
14.28
3.15
16.54
14.27
16.54
8.35
11.07
15.26
10.95
12.94
9.94
15.60
16.47
13.40
12.30
8.35
13.43
15.04
15.42
15.42
9.48
7.98
12.16
15.80
12.07
13.38
8.87
7.07
10.89
7.07
14.03
10.07
12.37
8.87
12.37
14.19
11.34
13.74
12.07
8.95
10.60
11.59
14.02
15.09
11.07
8.35
13.14
3.15
15.74
11.56
13.14
16.47
15.87
14.28
6.63
8.35
14.27
9.32
14.56
15.21
15.51
13.81
13.67
14.84
9.48
13.14
10.95
8.35
12.81
1.48
14.34
15.86
13.22
9.48
16.47
15.45
12.16
12.13
16.45
1.48